# R wave intervals in milliseconds per line
# start time: 2016-09-21-17:27:47, 1474493267.07
1012
1076
1048
1100
1104
1064
1144
1146
1032
1134
998
874
830
870
830
810
970
954
1034
1038
952
974
1034
1068
934
1018
948
1024
1024
1092
908
856
978
978
1080
1072
968
1030
1130
946
928
1044
1044
1016
1038
898
828
988
1152
1156
1118
1168
1162
1096
1070
1066
1018
896
830
922
834
938
938
844
836
810
860
862
848
892
586
944
842
866
872
842
812
790
860
1014
1054
1006
1000
952
854
894
890
924
972
982
1014
1026
1016
998
1040
1036
1044
996
1010
1008
972
1026
1078
1028
1010
1038
1000
944
950
922
872
926
990
974
966
970
954
900
906
618
1032
878
898
840
862
926
922
978
990
972
1010
1084
1076
1064
1098
1106
1074
1080
1190
1116
1224
1254
1150
1210
1198
1180
1130
1150
1128
1080
1180
1212
1142
686
810
856
1098
1024
1056
1138
1152
1130
1080
1074
1052
1098
1064
1140
1166
1132
1070
1104
998
910
912
976
848
940
1036
984
978
918
946
940
956
574
646
950
812
928
926
950
974
1002
1016
976
1010
1008
984
952
966
968
922
970
1002
1080
1076
1040
1042
1000
974
1000
1050
1040
1048
1022
1008
1024
1016
940
1018
1072
994
1048
922
906
930
902
942
928
880
860
866
858
822
806
770
768
776
814
854
924
900
976
1046
1038
1024
1112
1112
1024
1052
1064
1018
1008
1110
1126
1026
1074
1122
1008
988
1062
1164
1122
1030
1060
1056
988
998
1018
986
1002
1048
1014
948
972
970
910
924
1016
1058
1018
1028
1020
974
966
946
928
880
880
896
884
866
912
940
912
942
992
792
1012
930
834
846
856
914
974
984
938
964
976
932
916
938
980
960
994
1046
972
962
986
964
896
950
978
956
922
966
982
952
988
954
938
1004
980
896
968
870
818
792
834
852
806
752
792
854
930
916
914
996
1038
1008
1040
1076
1082
1030
1114
1120
1046
1048
1078
1046
1010
1084
1132
1076
1024
1092
1114
1046
1080
1052
950
1008
1052
936
890
952
980
970
1024
900
940
900
958
986
970
910
930
936
908
882
922
956
904
976
1026
1040
1018
1116
1098
1028
1072
1058
1006
1070
1094
1036
1070
1078
992
1000
1078
1054
1008
1038
1020
956
1020
1024
924
930
1010
972
866
896
864
920
968
916
924
950
912
852
896
934
912
912
930
916
860
878
914
890
920
972
1004
926
1002
986
920
922
996
1038
1016
998
1024
1048
992
1002
1024
1020
956
1056
1148
1120
1038
1074
1088
1044
1022
1066
1070
1004
1070
1040
968
950
882
914
934
952
1010
1014
920
980
1032
988
982
1026
1032
996
1056
1096
1082
1006
1054
1070
940
1116
1270
1244
1168
1134
1118
996
598
996
984
908
1160
1180
1156
1154
1124
1086
1056
1032
1018
992
978
944
924
898
950
1006
1038
1002
1016
1044
960
1030
1156
1118
1074
1014
940
874
814
822
798
714
704
654
910
632
616
568
560
652
742
820
594
608
512
576
616
582
590
604
650
628
646
586
738
708
640
654
650
646
634
612
624
586
608
606
604
606
606
584
600
590
626
624
644
644
668
602
652
646
656
656
664
656
674
638
648
664
706
752
776
760
670
646
756
898
716
784
862
954
954
880
774
702
668
642
628
628
690
728
820
954
1014
1138
1132
1082
966
918
840
754
802
862
908
852
976
984
1022
1124
1104
1080
994
848
914
958
950
966
974
982
988
998
1078
1064
1086
1068
1066
1044
1016
1010
1008
1042
1000
890
944
880
886
1152
1002
1126
1074
990
1048
1086
996
1046
994
986
1200
1262
1136
1152
1144
1120
1054
960
1038
1070
1078
1020
1078
910
1052
1108
1128
1118
1100
1024
1042
1024
988
1008
1020
968
996
1000
1048
1042
960
1024
1078
1044
992
998
1034
1032
1086
1090
1020
1146
1108
1096
1106
1070
1082
1110
1074
1174
1194
1130
1142
1188
1152
1162
1114
972
1012
1030
986
1120
1158
1050
1106
1106
1002
956
926
928
822
884
890
928
896
916
592
796
1006
1078
1058
1014
946
1024
924
996
940
954
898
1034
1134
1086
1088
1068
1036
980
940
910
820
862
802
768
958
1310
1184
1166
1180
1158
1118
1134
1110
1090
1108
1080
1100
1058
1086
1170
1168
1150
1182
1170
1098
# end time: 2016-09-21-17:40:39, 1474494039.48
