# R wave intervals in milliseconds per line
# start time: 2016-09-07-19:19:16, 1473290356.32
760
670
690
682
686
668
664
670
690
666
692
666
714
774
810
852
814
734
652
648
632
698
612
732
774
708
666
670
656
644
628
582
582
594
666
796
808
818
822
854
810
816
786
720
730
702
624
596
618
660
764
856
782
730
736
802
774
688
680
700
692
654
648
648
692
704
700
754
918
836
806
738
708
668
632
634
686
750
708
710
726
840
902
764
750
726
724
678
636
630
614
622
610
600
584
614
650
630
672
704
752
794
740
662
652
646
644
624
626
642
600
612
612
542
558
550
578
710
842
898
768
740
772
790
774
754
760
758
744
640
634
600
602
650
740
754
772
812
848
732
710
686
706
684
684
626
600
588
600
614
634
638
664
724
830
768
738
762
726
686
670
666
668
656
658
608
596
590
600
642
720
816
936
930
822
850
798
728
630
646
642
670
710
798
874
796
820
772
724
706
654
664
666
736
706
718
730
724
668
628
682
592
644
658
614
592
582
570
576
580
622
736
922
836
882
780
790
822
718
670
684
642
642
684
734
706
710
734
748
708
704
708
704
678
638
632
624
660
696
650
698
726
752
762
688
616
638
620
618
620
610
582
562
580
604
736
874
818
806
684
716
720
646
636
598
590
608
624
668
720
656
670
682
714
724
692
640
602
564
560
578
578
562
582
648
758
798
924
856
848
814
836
808
796
746
668
570
582
572
602
540
548
574
654
820
792
766
758
692
652
660
608
606
586
566
580
602
662
712
722
754
812
766
668
710
668
666
658
634
594
600
600
638
650
666
710
856
906
732
724
706
716
718
614
660
628
638
630
642
594
576
588
626
686
770
766
698
712
768
774
728
714
722
650
638
640
686
704
706
700
620
624
626
618
640
650
636
586
606
610
624
648
654
652
636
622
570
576
586
596
672
720
734
722
658
682
730
732
780
634
656
620
620
602
580
580
592
632
688
732
812
812
778
760
698
646
644
652
626
618
630
668
714
702
748
804
832
808
758
652
662
642
642
638
640
588
626
606
620
620
626
620
576
618
644
584
612
572
620
614
610
638
640
672
680
678
648
618
634
558
554
572
540
566
590
744
852
782
830
886
868
832
802
818
780
756
734
688
584
574
582
606
622
658
734
724
762
738
822
798
690
762
730
718
700
660
640
592
572
584
604
642
698
680
698
756
828
770
712
676
630
602
598
594
600
632
692
714
674
658
642
652
672
656
646
636
652
678
684
636
622
614
614
636
676
692
678
692
674
634
600
600
596
626
674
682
652
646
646
674
704
740
740
656
608
600
604
606
630
662
598
628
630
650
706
742
684
656
650
646
666
640
630
644
642
696
724
728
722
678
660
610
570
590
590
632
694
772
782
776
636
670
650
652
642
664
608
588
606
584
592
604
646
714
782
794
782
744
700
668
642
624
626
556
590
578
564
574
606
590
762
826
868
862
866
860
866
852
850
732
738
692
630
632
606
588
598
638
746
814
822
682
700
678
654
678
572
634
612
620
622
574
588
586
588
622
694
902
828
826
852
776
742
736
722
670
662
662
678
672
652
596
600
598
648
762
702
792
778
682
706
688
684
626
600
598
596
592
592
606
670
964
790
806
838
806
782
776
730
690
654
630
602
626
706
944
782
786
810
790
710
714
726
714
638
628
642
672
658
680
724
786
728
720
742
688
646
658
664
644
610
612
632
688
694
674
676
684
686
638
628
628
652
592
610
638
676
652
658
646
628
610
600
592
584
586
580
586
542
554
570
610
642
702
748
720
722
724
696
644
608
592
570
562
562
562
574
606
658
728
802
842
808
720
738
756
722
652
632
632
624
630
648
750
822
772
774
724
672
672
668
640
606
608
630
680
680
714
762
796
734
712
722
642
642
636
648
648
666
610
600
586
616
620
654
682
672
672
698
718
684
688
698
634
646
604
652
684
730
756
682
642
630
626
644
662
644
670
726
822
772
784
758
668
678
668
662
612
598
614
656
686
664
740
812
862
824
760
654
654
634
628
602
578
592
592
656
802
924
772
792
804
736
740
740
684
618
608
616
586
586
606
672
708
754
804
826
748
668
642
624
626
632
620
616
642
710
736
710
728
756
704
686
692
680
622
620
624
608
600
616
668
818
774
754
782
752
676
670
668
636
602
590
606
616
604
612
650
690
678
686
690
652
632
636
646
618
592
596
600
594
580
594
622
618
626
630
686
650
632
626
646
628
616
620
658
644
622
636
646
608
610
626
660
666
668
700
714
672
650
654
658
622
602
594
608
634
686
668
660
666
664
670
640
608
568
568
568
574
598
604
610
612
674
772
738
750
760
726
716
642
590
626
666
658
634
592
584
582
596
608
678
780
862
876
824
800
762
682
650
644
662
702
700
666
656
656
698
752
786
756
678
640
630
618
610
586
574
586
602
640
684
736
736
684
638
614
610
614
622
630
590
586
572
586
614
656
660
606
652
622
694
760
766
778
580
630
584
576
584
608
580
614
626
686
774
860
698
648
654
630
622
644
644
618
588
594
624
716
792
704
664
670
674
672
682
666
616
608
610
634
680
714
672
660
670
698
722
678
664
656
672
678
636
636
660
732
772
728
710
750
768
702
682
650
680
716
778
674
694
724
742
662
644
684
636
618
634
650
690
722
708
688
712
614
646
654
664
656
646
652
628
620
592
630
624
642
592
584
588
600
518
736
676
720
738
668
714
690
690
622
634
648
682
706
714
640
614
628
666
700
650
664
658
644
596
598
624
720
778
804
810
838
696
722
718
706
644
630
622
678
754
804
774
686
726
752
750
770
654
686
680
656
654
608
622
578
584
580
586
602
638
636
716
756
772
852
744
790
756
744
662
686
674
638
606
600
584
540
572
572
596
650
726
760
704
660
620
644
590
626
630
660
636
622
634
668
732
700
724
702
676
652
646
610
586
592
612
672
772
772
756
784
786
752
648
654
622
610
616
662
708
746
740
668
676
698
732
704
718
718
798
554
656
572
596
548
580
538
582
558
588
626
626
660
598
600
608
574
598
600
660
734
892
912
900
876
822
778
740
732
664
640
594
556
590
604
714
856
860
690
854
782
768
660
654
638
702
596
568
564
932
566
512
620
610
606
600
602
596
592
614
584
658
740
1434
1198
556
596
706
504
1002
602
508
556
526
536
524
526
808
730
518
526
502
520
538
612
682
762
732
714
664
610
574
580
570
568
558
578
602
622
660
722
752
788
760
700
706
688
680
648
632
620
616
666
730
690
716
746
738
694
740
754
676
678
712
678
632
652
662
644
608
620
642
716
764
738
774
762
734
776
722
668
682
686
648
660
712
700
726
780
770
704
744
772
694
708
728
702
682
712
720
678
720
740
686
716
734
698
678
692
682
646
662
690
670
694
730
704
682
696
696
646
656
676
642
620
646
674
648
646
688
678
678
698
686
636
646
664
646
646
686
684
666
714
748
688
722
712
668
676
684
632
630
650
624
622
646
658
662
692
722
662
670
668
654
606
608
622
610
596
608
630
694
670
648
648
668
694
656
626
622
630
634
648
656
614
608
618
648
696
760
700
638
620
600
594
582
604
620
610
586
580
592
606
630
658
678
664
660
640
630
596
570
560
554
586
860
812
748
766
800
850
808
810
774
764
764
702
658
622
618
596
658
800
898
858
844
816
808
744
750
746
726
698
672
684
654
692
726
828
854
746
738
724
664
652
656
664
644
660
690
754
714
728
748
672
656
660
670
644
642
668
720
710
722
750
748
676
704
668
624
626
618
630
630
616
636
660
728
688
688
726
744
682
670
682
660
630
640
644
614
596
612
644
628
614
626
658
666
642
644
660
680
654
628
626
640
656
678
650
648
664
704
710
668
676
670
632
608
608
622
638
648
634
646
664
670
694
688
660
656
662
664
662
638
646
678
748
734
712
712
734
642
646
642
652
646
628
634
652
652
680
674
628
644
620
628
624
632
664
638
666
630
620
618
614
622
646
670
652
608
574
602
626
680
746
670
702
682
714
688
662
636
642
564
570
576
582
534
584
706
758
750
814
872
806
832
786
796
736
716
632
570
586
592
630
628
738
720
808
768
762
774
754
722
690
654
616
598
586
606
552
576
576
596
654
760
666
680
690
686
702
706
720
678
642
594
574
574
560
544
566
636
738
804
708
728
730
752
754
728
700
690
598
588
562
574
586
632
616
704
740
776
810
706
742
748
750
748
732
708
622
644
616
600
624
646
644
622
642
698
746
790
802
706
704
676
688
674
682
654
626
634
642
696
772
754
704
