# R wave intervals in milliseconds per line
# start time: 2016-09-12-16:47:30, 1473713250.28
872
938
786
840
844
864
804
754
822
878
794
880
756
846
838
844
826
810
824
678
774
758
790
798
788
804
826
828
822
828
824
814
742
736
770
812
880
888
912
758
780
806
792
774
746
764
810
872
876
792
818
840
846
850
852
798
756
818
826
848
784
802
844
872
894
888
802
794
824
844
842
880
776
782
804
820
824
826
834
798
762
760
736
708
666
728
750
718
764
830
894
832
796
816
854
832
752
758
774
794
734
806
876
884
882
868
856
804
742
794
828
888
908
816
858
898
922
818
876
884
882
884
812
774
818
822
808
764
808
862
856
806
826
818
832
748
726
736
770
792
756
784
834
838
762
792
796
808
802
770
720
756
754
762
746
714
760
796
742
730
794
774
746
780
824
768
742
794
812
790
742
792
826
876
826
854
876
828
796
850
856
804
808
834
844
792
780
814
802
758
764
808
842
832
836
866
900
910
866
810
756
798
818
796
750
780
812
824
824
772
796
824
830
778
784
818
826
786
798
836
866
816
794
822
856
816
774
818
872
908
864
806
832
830
792
766
798
848
854
808
802
850
852
820
778
800
828
842
794
782
816
814
826
772
802
824
824
790
758
774
794
796
750
732
760
760
740
730
744
768
772
738
738
780
788
792
756
764
782
768
734
736
776
824
828
782
824
856
882
848
868
884
878
828
796
826
830
822
770
794
832
844
818
786
822
832
852
830
788
802
820
820
784
756
790
810
836
792
752
772
788
804
766
750
774
806
796
760
784
810
814
766
746
758
704
698
728
724
728
806
842
866
804
778830
800
760
844
854
836
812
820
850
860
880
858
848
838
842
830
824
820
808
794
764
744
768
806
856
866
862
810
826
864
884
882
838
796
# end time: 2016-09-12-17:01:10, 1473714070.73
