# R wave intervals in milliseconds per line
# start time: 2016-09-12-17:05:22, 1473714322.33
670
1086
652
684
654
554
1110
668
770
622
2414
1754
1144
1020
2168
1628
1074
644
624
520
598
528
2334
1400
506
916
574
596
524
604
578
574
524
1204
722
836
560
522
664
598
798
574
664
1242
746
688
716
676
1820
1094
712
588
518
612
586
680
578
578
552
588
604
586
524
564
588
626
608
538
574
580
634
630
584
580
600
634
642
608
570
566
604
626
554
544
552
626
656
616
562
614
670
582
562
586
634
658
582
526
554
554
534
592
666
630
558
548
572
634
674
674
626
572
552
574
594
634
626
548
596
534
604
528
532
572
630
544
600
532
630
554
2228
1412
1524
1180
900
850
802
722
708
860
808
702
716
728
880
822
736
734
808
668
560
638
652
766
638
1248
748
1388
832
754
712
614
1018
2260
1358
1112
1594
956
2096
1636
982
578
1124
674
1692
1352
1038
1126
970
804
1168
798
1114
1938
1330
800
1040
798
830
502
584
956
574
786
800
1104
662
920
606
888
1086
698
2140
1650
992
2376
1448
1942
1166
614
692
800
2232
1340
1242
904
548
782
566
520
908
544
1654
1252
822
566
848
608
758
762
738
1796
1284
1116
670
508
636
600
564
566
594
652
576
568
604
612
574
586
608
594
560
586
614
576
574
596
646
534
570
586
628
636
570
546
624
572
590
608
586
668
608
606
636
542
588
608
662
606
566
1290
758
942
524
1110
930
646
1374
824
1504
902
1092
1524
1756
1352
812
944
992
1016
1302
538
604
614
1142
886
1544
988
592
986
592
870
550
1066
640
528
958
506
510
558
622
602
582
604
592
524
510
534
556
548
522
546
554
582
516
534
552
572
558
956
528
554
608
548
552
550
650
688
596
564
586
604
596
552
524
592
574
840
662
532
548
550
510
562
578
612
598
562
518
502
526
962
570
554
536
556
640
666
740
714
708
628
602
614
632
656
604
616
864
964
538
650
730
712
646
606
626
604
592
594
548
524
564
618
640
616
632
574
546
552
546
598
606
614
648
582
534
580
622
650
608
592
646
620
560
606
652
612
598
596
642
560
614
640
560
540
586
666
662
646
608
546
590
556
536
508
510
554
534
584
550
538
542
644
646
626
560
534
552
588
618
664
696
686
716
604
604
588
564
570
558
544
520
544
544
554
514
508
508
532
532
502
986
518
996
506
952
508
504
506
508
970
976
504
968
936
938
902
960
980
504
974
962
986
528
512
970
956
938
920
920
922
954
930
926
506
926
978
526
548
502
520
518
964
518
530
514
922
942
534
960
964
536
562
578
522
564
564
582
514
502
550
568
558
562
572
550
994
514
502
584
640
612
540
568
516
580
606
602
622
544
604
616
562
538
570
590
602
568
538
528
562
582
580
578
532
532
536
534
504
530
506
604
546
514
514
554
558
574
518
546
538
550
528
522
552
554
574
532
536
580
604
520
518
564
608
568
524
544
588
618
636
582
592
666
638
548
534
570
560
524
568
590
554
546
670
630
608
568
646
650
560
606
648
596
562
568
694
676
626
598
738
702
608
556
592
628
584
576
602
670
662
570
548
618
650
578
544
608
634
646
556
548
648
642
558
548
628
674
656
570
562
640
676
572
654
694
692
686
652
558
554
638
664
572
632
648
548
588
638
650
556
516
536
542
610
616
556
518
544
594
572
538
518
538
590
536
520
578
628
582
538
542
632
720
712
620
586
650
668
602
534
596
614
626
596
546
626
636
632
570
526
582
592
636
630
550
540
622
626
610
554
594
610
624
670
564
536
624
644
564
532
526
570
524
988
514
502
538
598
560
520
558
590
508
520
566
530
982
518
540
568
518
508
570
582
542
510
544
568
620
640
612
614
702
720
622
562
616
678
730
640
564
622
632
546
516
570
690
728
626
628
650
678
604
560
650
688
596
544
618
662
658
588
616
642
670
576
550
618
650
638
558
616
672
678
578
614
670
696
586
548
632
650
568
548
618
668
588
564
656
686
656
564
662
704
580
546
608
650
678
586
638
686
698
606
570
654
656
574
540
622
684
656
566
626
706
580
564
772
1216
730
572
616
572
524
530
578
618
538
538
666
714
768
734
658
676
686
610
582
574
616
658
636
616
674
696
682
584
562
648
688
682
572
542
598
660
706
646
580
658
670
648
594
622
624
668
684
552
542
602
560
516
508
572
546
526
620
652
676
696
650
600
652
688
618
590
608
672
718
614
566
610
602
576
546
544
626
736
708
626
624
596
556
562
626
644
586
636
676
748
720
620
602
654
712
676
648
672
694
610
564
570
656
586
534
574
660
674
666
564
612
682
682
650
548
540
562
644
688
670
570
578
650
664
608
572
656
690
696
594
558
586
654
642
578
548
534
546
598
662
638
582
618
658
688
696
666
666
698
714
680
618
620
660
670
618
570
552
594
622
570
538
542
616
658
606
582
646
666
648
592
588
654
686
658
590
618
766
646
582
600
650
704
724
742
658
642
658
672
712
670
578
580
606
642
590
552
602
644
734
704
602
618
654
700
654
588
596
632
670
660
586
534
568
