548
524
564
618
640
616
632
574
546
552
546
598
606
614
648
582
534
580
622
650
608
592
646
620
560
606
652
612
598
596
642
560
614
640
560
540
586
666
662
646
608
546
590
556
536
508
510
554
534
584
550
538
542
644
646
626
560
534
552
588
618
664
696
686
716
604
604
588
564
570
558
544
520
544
544
554
514
508
508
532
532
502
986
518
996
506
952
508
504
506
508
970
976
504
968
936
938
902
960
980
504
974
962
986
528
512
970
956
938
920
920
922
954
930
926
506
926
978
526
548
502
520
518
964
518
530
514
922
942
534
960
964
536
562
578
522
564
564
582
514
502
550
568
558
562
572
550
994
514
502
584
640
612
540
568
516
580
606
602
622
544
604
616
562
538
570
590
602
568
538
528
562
582
580
578
532
532
536
534
504
530
506
604
546
514
514
554
558
574
518
546
538
550
528
522
552
554
574
532
536
580
604
520
518
564
608
568
524
544
588
618
636
582
592
666
638
548
534
570
560
524
568
590
554
546
670
630
608
568
646
650
560
606
648
596
562
568
694
676
626
598
738
702
608
556
592
628
584
576
602
670
662
570
548
618
650
578
544
608
634
646
556
548
648
642
558
548
628
674
656
570
562
640
676
572
654
694
692
686
652
558
554
638
664
572
632
648
548
588
638
650
556
516
536
542
610
616
556
518
544
594
572
538
518
538
590
536
520
578
628
582
538
542
632
720
712
620
586
650
668
602
534
596
614
626
596
546
626
636
632
570
526
582
592
636
630
550
540
622
626
610
554
594
610
624
670
564
536
624
644
564
532
526
570
524
988
514
502
538
598
560
520
558
590
508
520
566
530
982
518
540
568
518
508
570
582
542
510
544
568
620
640
612
614
702
720
622
562
616
678
730
640
564
622
632
546
516
570
690
728
626
628
650
678
604
560
650
688
596
544
618
662
658
588
616
642
670
576
550
618
650
638
558
616
672
678
578
614
670
696
586
548
632
650
568
548
618
668
588
564
656
686
656
564
662
704
580
546
608
650
678
586
638
686
698
606
570
654
656
574
540
622
684
656
566
626
706
580
564
772
1216
730
572
616
572
524
530
578
618
538
538
666
714
768
734
658
676
686
610
582
574
616
658
636
616
674
696
682
584
562
648
688
682
572
542
598
660
706
646
580
658
670
648
594
622
624
668
684
552
542
602
560
516
508
572
546
526
620
652
676
696
650
600
652
688
618
590
608
672
718
614
566
610
602
576
546
544
626
736
708
626
624
596
556
562
626
644
586
636
676
748
720
620
602
654
712
676
648
672
694
610
564
570
656
586
534
574
660
674
666
564
612
682
682
650
548
540
562
644
688
670
570
578
650
664
608
572
656
690
696
594
558
586
654
642
578
548
534
546
598
662
638
582
618
658
688
696
666
666
698
714
680
618
620
660
670
618
570
552
594
622
570
538
542
616
658
606
582
646
666
648
592
588
654
686
658
590
618
766
646
582
600
650
704
724
742
658
642
658
672
712
670
578
580
606
642
590
552
602
644
734
704
602
618
654
700
654
588
596
632
670
660
586
534
568
590
650
534
530
528
570
632
626
626
620
602
610
606
602
604
548
540
666
674
666
590
726
720
636
660
694
720
648
640
606
564
540
574
648
696
662
592
612
652
694
628
592
622
638
604
566
630
720
758
674
658
674
678
622
596
614
644
612
576
608
588
588
572
614
562
560
634
660
702
664
602
602
628
632
580
540
612
692
744
772
676
702
748
762
738
638
602
614
650
696
660
616
624
670
710
638
630
676
722
638
598
632
672
620
594
624
674
700
626
620
684
746
764
660
622
668
756
798
752
738
760
676
616
626
658
742
734
724
790
798
670
596
614
654
602
546
588
682
718
628
564
604
666
668
602
580
676
684
624
582
576
656
610
574
576
718
810
830
634
584
532
578
622
694
612
624
656
700
652
604
660
734
1414
848
508
656
562
582
608
628
538
554
642
566
628
674
616
584
684
734
648
590
664
728
756
682
670
710
704
680
608
594
630
678
710
630
614
636
610
578
596
666
690
652
602
592
632
740
728
658
658
708
736
794
682
666
678
654
576
596
612
620
586
546
576
972
918
708
700
746
768
700
660
698
644
590
584
614
688
754
784
810
746
676
596
570
592
610
650
594
630
650
670
632
528
536
598
608
540
552
668
704
702
688
652
606
556
534
544
618
624
646
676
646
594
590
592
560
634
686
738
646
582
614
648
636
638
636
604
546
536
564
616
652
638
576
552
618
652
668
556
586
620
652
652
610
598
640
688
676
630
652
716
694
618
598
648
716
696
628
610
660
718
720
644
622
652
700
674
640
674
690
638
596
602
642
690
674
622
624
640
674
632
584
576
596
628
574
544
582
662
564
538
610
598
554
634
658
634
576
628
666
684
630
546
570
640
630
582
622
662
718
664
640
670
678
620
680
624
632
674
688
636
606
640
668
638
606
618
# end time: 2016-09-12-17:24:40, 1473715480.81
