# R wave intervals in milliseconds per line
# start time: 2016-09-12-18:13:01, 1473718381.06
972
1054
962
1070
918
1030
950
1042
1002
1034
1040
1032
1018
1094
1078
1030
1036
1068
1060
1032
962
764
1094
968
1072
1034
1036
1062
944
1096
964
1034
1014
1026
1064
1044
1068
866
1094
836
1104
984
1030
988
1012
1008
714
1044
824
1070
984
1086
1032
942
1044
698
1062
1008
1054
1030
884
1064
754
724
1020
880
698
1068
1056
1000
1050
1026
1070
1056
964
1056
708
1042
860
1064
1058
906
1068
980
1062
1026
1048
1062
1052
1094
996
1082
946
1086
1000
900
1066
918
1098
938
966
1008
726
1062
908
1054
970
1020
1044
880
1044
978
1058
1046
766
1064
982
1030
1026
764
1068
944
1042
854
910
1046
854
1104
992
1044
950
1050
986
1024
932
700
658
984
1074
1000
998
1000
848
1052
788
1070
934
1046
904
1008
770
754
1062
976
1040
790
1062
766
1036
960
1038
934
682
1016
696
712716
750
818
664
1024
912
792
770
620
674
796
624
1032
994
770
1018
692
1036
866
1052
980
798
1064
768
686
1052
754
1110
982
1028
1104
890
788
1060
884
1084
878
1046
790
1032
912
1040
844
748
974
1038
1048
942
1050
888
1046
1018
832
1054
856
1018
834
736
1064
900
1060
1016
774
1048
696
1008
776
1074
736
1058
958
1038
726
670
1048
750
1088
972
1050
1042
920
1032
722
1044
1030
1030
1010
740
1056
874
822
1034
798
1046
704
630
660
998
1064
1026
750
1040
1008
1086
972
1080
754
772
1016
750
1108
1002
706
1078
882
716
1056
738
636
808
826
1088
800
1052
986
870
830
642
1028
864
1010
708
994
680
992
760
680
818
968
676
1014
654
738
708
632
1036
710
1028
1048
970
980
874
748
1024
798
680
1076
1014
966
1050
676
716
632
688
1066
746
1150
1004
1052
986
684
1060
770
1040
1060
938
1080
936
1004
768
738
1088
816
1078
890
1056
992
1028
872
776
1034
826
1096
944
1064
1024
1058
1064
706
1034
7954
786
1048
690
1070
948
1042
966
708
1070
686
1078
968
692
1060
716
1090
# end time: 2016-09-12-18:34:44, 1473719684.77
