# R wave intervals in milliseconds per line
# start time: 2016-09-12-17:30:10, 1473715810.61
1072
684
736
800
1196
1100
1090
986
1070
702
764
762
1066
1074
1054
1076
1046
1024
930
1038
1002
722
1058
950
1038
692
1086
1002
1050
724
1040
706
1052
962
800
712
842
796
654
792
684
782
892
710
1042
704
636
726
634
1036
762
1032
954
990
788
996
696
1056
1046
1026
666
662
1050
758
1054
706
1048
1058
848
1048
1026
712
748
1014
1062
704
1032
682
1100
860
1076
1060
1020
718
1048
962
870
1000
680
856
1038
746
750
758
1044
736
1060
692
622
1048
890
868
1018
1014
694
760
782
752
688
648
678
704
1006
1048
770
716
952
776
1062
760
1060
718
658
1072
752
764
1066
756
1106
788
1078
784
1090
744
1134
744
1128
842
754
1090
1050
1054
1036
1032
776
1104
840
1092
718
668
622
678
626
616
1126
700
1020
660
696
1030
690
1070
670
644
1020
654
650
1110
722
1052
734
762
636
1036
966
760
1070
1038
1014788
912
812
668
842
770
624
802
962
648
826
958
654
1032
852
668
996
680
1042
862
850
1010
740
1046
908
738
1024
816
700
1042
902
# end time: 2016-09-12-18:05:26, 1473717926.12
